in="./TTI.rsf@"
data_format="native_float"
esize=4
n1=96
n2=96
n3=96
n4=8
d1=12.500000
d2=12.500000
d3=12.500000
d4=0.000685
